[{"obj_id": 6, "K_crop": [[2992.14, 0.0, 633.4119874238968], [0.0, 3003.49, 489.8819887638092], [0.0, 0.0, 1.0]], "R": [[-0.4508100152015686, 0.7707943320274353, -0.4501626789569855], [-0.7180174589157104, -0.013523824512958527, 0.6958937048912048], [0.5303030014038086, 0.6369404792785645, 0.5595404505729675]], "t": [[-181.0120391845703], [-121.78475952148438], [985.798583984375]], "box": [538, 353, 794, 609], "scale": 0.875}, {"obj_id": 21, "K_crop": [[2992.14, 0.0, 633.4119874238968], [0.0, 3003.49, 489.8819887638092], [0.0, 0.0, 1.0]], "R": [[-0.3010430335998535, 0.16457004845142365, -0.9393028020858765], [0.9316193461418152, -0.15956050157546997, -0.3265362083911896], [-0.20361369848251343, -0.9733741283416748, -0.10528206080198288]], "t": [[-288.00262451171875], [-216.14712524414062], [1730.5218505859375]], "box": [139, 187, 555, 603], "scale": 0.5384615384615384}, {"obj_id": 21, "K_crop": [[2992.14, 0.0, 633.4119874238968], [0.0, 3003.49, 489.8819887638092], [0.0, 0.0, 1.0]], "R": [[-0.7425041794776917, 0.204469695687294, -0.6378712058067322], [0.377210408449173, 0.9145591855049133, -0.1459238976240158], [0.5535339713096619, -0.3489607870578766, -0.7561920881271362]], "t": [[-322.9967041015625], [-245.124755859375], [1886.6378173828125]], "box": [310, 15, 790, 495], "scale": 0.4666666666666667}, {"obj_id": 10, "K_crop": [[2992.14, 0.0, 633.4119874238968], [0.0, 3003.49, 489.8819887638092], [0.0, 0.0, 1.0]], "R": [[0.6417043805122375, 0.4849625527858734, 0.5941606163978577], [-0.006327544339001179, -0.7713296413421631, 0.6364043951034546], [0.7669259905815125, -0.4121430516242981, -0.49189701676368713]], "t": [[-113.57508087158203], [-86.1466293334961], [679.1813354492188]], "box": [1056, 363, 1280, 587], "scale": 1.0}]