[{"obj_id": 6, "K_crop": [[3419.5885714285714, 0.0, 1261.8994140625], [0.0, 3432.56, 911.8651123046875], [0.0, 0.0, 1.0]], "R": [[-0.45947134237085996, 0.7738408321678737, -0.43595464444097015], [-0.6926686709694502, -0.004954444389738799, 0.7212389103051808], [0.5559642055000803, 0.6333607344559038, 0.5382917259740694]], "t": [[-179.9251356288542], [-120.45719679903836], [978.4580843059852]]}, {"obj_id": 21, "K_crop": [[5556.831428571429, 0.0, 1315.3365478515625], [0.0, 5577.91, 1097.78076171875], [0.0, 0.0, 1.0]], "R": [[-0.31099964342623043, 0.15924262797854172, -0.9369743898438447], [0.9263122921673175, -0.16980682647513945, -0.3363200545048894], [-0.21266113694910832, -0.9725263117864367, -0.09469854124844246]], "t": [[-288.91333269362195], [-216.80960205674785], [1740.9388244197194]]}, {"obj_id": 9, "K_crop": [[3419.5885714285714, 0.0, 1144.8994140625], [0.0, 3432.56, 1262.8651123046875], [0.0, 0.0, 1.0]], "R": [[0.8014908934293676, 0.4654961143819222, -0.37540073953726666], [-0.05737379753494706, 0.6847143644072284, 0.7265497137366612], [0.5952483474199767, -0.5607848131589672, 0.5754996074925239]], "t": [[-176.8272037485967], [-116.84204295177314], [1034.0232175130482]]}, {"obj_id": 24, "K_crop": [[3419.5885714285714, 0.0, 1250.8994140625], [0.0, 3432.56, 1085.8651123046875], [0.0, 0.0, 1.0]], "R": [[0.11768130594728743, 0.9697377404297651, 0.21391546231330294], [0.1781794918854111, 0.1912970392093627, -0.9652240731877693], [-0.9769356063231586, 0.15170417784591406, -0.15027529245387505]], "t": [[-164.85410077740934], [-121.1954574014864], [960.9006499116779]]}, {"obj_id": 10, "K_crop": [[2992.14, 0.0, 1689.4119873046875], [0.0, 3003.49, 849.8819580078125], [0.0, 0.0, 1.0]], "R": [[0.6593685150146484, 0.46279972791671753, 0.5924943685531616], [-0.012459956109523773, -0.7812451124191284, 0.6240999698638916], [0.7517166137695312, -0.41889435052871704, -0.509361982345581]], "t": [[-112.76486206054688], [-84.7102279663086], [673.8233642578125]]}, {"obj_id": 21, "K_crop": [[6411.728571428571, 0.0, 1667.3114013671875], [0.0, 6436.049999999999, 1065.7470703125], [0.0, 0.0, 1.0]], "R": [[-0.7656003061415863, 0.2093716403802796, -0.6082924357908621], [0.3456770567747776, 0.9313406291717746, -0.11450766294641883], [0.5425528026426889, -0.29793984066988144, -0.7854096432347702]], "t": [[-339.4920524061782], [-256.9513651180123], [1976.77036851031]]}, {"obj_id": 15, "K_crop": [[6839.177142857143, 0.0, 2215.798828125], [0.0, 6865.12, 1567.730224609375], [0.0, 0.0, 1.0]], "R": [[0.5922680784402443, -0.6705418149076614, -0.44675742603905383], [-0.3779260531209061, 0.25850743798792414, -0.889013949765342], [0.7116111449613161, 0.6953758544594855, -0.10030951800096315]], "t": [[-250.07319464295983], [-183.325663417517], [1486.350080447356]]}]