[{"obj_id": 6, "K_crop": [[2618.1225, 0.0, 83.48548889160156], [0.0, 2628.05375, 119.7717399597168], [0.0, 0.0, 1.0]], "R": [[-0.4343273341655731, 0.7940671443939209, -0.42522600293159485], [-0.682755708694458, 0.017705384641885757, 0.7304321527481079], [0.5875409841537476, 0.6075721383094788, 0.5344639420509338]], "t": [[-180.2646026611328], [-121.12278747558594], [980.583251953125]]}, {"obj_id": 21, "K_crop": [[1611.1523076923077, 0.0, 266.22183931790863], [0.0, 1617.2638461538459, 163.09030151367188], [0.0, 0.0, 1.0]], "R": [[-0.29195481538772583, 0.17875728011131287, -0.9395787715911865], [0.9330179691314697, -0.1628083437681198, -0.3208909034729004], [-0.21033284068107605, -0.9703294634819031, -0.1192510649561882]], "t": [[-283.9866638183594], [-212.741943359375], [1707.31884765625]]}, {"obj_id": 10, "K_crop": [[2992.14, 0.0, -422.5880126953125], [0.0, 3003.49, 126.88198852539062], [0.0, 0.0, 1.0]], "R": [[0.6437441110610962, 0.4753436744213104, 0.5997015237808228], [-0.05844873934984207, -0.7508454322814941, 0.6578866839408875], [0.7630054354667664, -0.4585624635219574, -0.4555690586566925]], "t": [[-113.44554901123047], [-86.3699722290039], [679.3355102539062]]}]